# RA (deg)  Dec (Deg)  Sigma
67.99650574 -47.08393082 2.95433891
67.99768829 -47.07414231 3.11999179
68.00170898 -47.56573980 3.05724639
68.04522705 -47.42794276 2.96812359
68.05257161 -47.13219183 2.88900653
68.05568695 -47.56953797 2.83916269
68.07460240 -47.12865324 3.24136706
68.08866882 -47.66801819 3.08841547
68.15132141 -47.09271734 2.83144557
68.17967442 -47.97308335 3.11849272
68.19515381 -47.57247300 3.36249302
 nan  nan 2.90014376
68.23034232 -47.37530067 3.76222413
68.24081421 -47.97481776 2.89828854
68.35374451 -47.88365921 3.35052581
68.35055542 -47.55430207 2.80000749
68.36923726 -47.34550461 2.80901888
68.37402344 -47.03247055 3.01427334
68.38038635 -47.87813172 2.82288829
68.38294220 -47.02095398 2.85844379
68.41942546 -47.47987859 3.20037869
68.42218018 -47.95228180 3.07354043
68.42722066 -47.19748927 2.88540657
68.45900981 -47.38352443 3.12539956
68.51327515 -47.96289353 3.33782113
68.61043004 -47.10429149 3.10845997
68.63661296 -47.90093165 2.94179938
68.64058838 -47.59226670 3.09096389
68.66857910 -47.64170653 3.03372763
68.66574097 -47.46684632 3.01666952
68.70037842 -47.61430725 2.94169106
68.71542358 -47.59151444 3.07998388
68.70872498 -47.81014618 3.15479541
68.70840454 -47.22500595 2.85688127
68.71529388 -47.18159470 2.91278777
68.71979523 -47.71625885 3.03657765
68.73379677 -47.46466371 3.21709554
68.75502642 -47.68357924 3.03625385
68.76817951 -47.56076190 3.53495499
68.75244141 -47.26380524 3.11474950
68.77161153 -47.61189255 3.07438208
68.80897949 -47.20047837 3.36337978
68.82009277 -47.29854111 2.98041293
68.84775495 -47.61093839 3.43315097
68.84889221 -47.67597184 3.02815001
68.85134888 -47.21666448 3.25571597
68.87328491 -47.72909836 2.95688820
68.87704904 -47.59386756 3.22963425
68.92396503 -47.58538062 3.18616649
68.89459229 -47.02412400 3.13627632
68.93374236 -47.21586687 3.67115852
68.93796011 -47.17395944 3.06411830
68.94458008 -47.26463303 3.33127178
68.98028775 -47.06758892 3.58836048
68.96468353 -47.04511246 2.83117383
68.96952820 -47.57331833 2.87818890
68.97864990 -47.16960434 3.05171933
