# RA (deg)  Dec (Deg)  Sigma
68.00972165 -47.68131857 3.04589584
68.03937127 -47.70063133 3.39768521
68.02230682 -47.68146736 3.12899043
68.08530736 -47.31778760 3.26600982
68.10223471 -47.30035047 3.17586259
68.13503164 -47.28468992 3.86709972
68.13921293 -47.45506777 3.17097523
68.35109922 -47.85596484 4.39807842
68.32775280 -47.26707672 3.39935593
68.42607147 -47.29790919 3.20962053
68.54908807 -47.38332227 3.20726116
68.57498078 -47.95691947 3.42000951
68.63940443 -47.30038234 3.06969205
68.65015383 -47.89111567 3.12644816
68.67186619 -47.74139029 3.35521037
68.69750569 -47.98494669 3.12756323
68.75232118 -47.39638188 3.52866041
68.76625208 -47.45315996 3.27653403
68.77769387 -47.76352096 3.12823670
68.89177408 -47.29591189 3.47877270
68.93076394 -47.23110171 3.01774613
68.96337423 -47.22830382 3.99070053
68.95662602 -47.94469466 3.40492912
